alpha=0.01 limiting FDR=0.011424561004499635
alpha=0.05 limiting FDR=0.062045952159606031
alpha=0.10 limiting FDR=0.11760402520651653
